264
284
309
323
366
370
373
379
387
392
399
413
414
425
429
431
448
454
456
465
480
487
489
493
495
498
505
511
513
515
516
520
527
531
539
543
547
558
570
573
575
577
579
580
590
597
606
610
616
621
622
626
630
640
644
653
654
659
661
664
666
668
671
677
678
679
683
684
688
696
699
701
706
707
712
714
715
721
723
726
729
733
735
738
743
745
746
747
748
749
750
751
752
753
755
757
758
759
764
766
768
771
772
773
774
776
777
780
783
788
789
795
797
799
802
807
809
812
817
819
820
821
822
827
834
836
841
842
843
847
849
851
857
858
860
863
865
866
869
871
872
873
874
876
879
880
881
883
884
886
887
889
892
894
895
896
898
899
904
907
908
909
911
912
915
918
920
921
923
925
926
927
928
929
930
931
932
933
934
937
941
943
945
946
947
948
949
950
953
954
956
957
958
959
961
965
966
967
971
972
974
975
976
977
978
980
981
983
984
985
987
989
990
991
992
993
994
995
996
997
998
999
